%the reference speed per hour in 1 year
Vref=[4
4
3.99
3.99
3.87
3.75
3.63
4.49
5.35
6.21
6.4
6.59
6.79
6.52
6.26
6
5.61
5.23
4.84
4.83
4.81
4.8
4.49
4.17
3.86
3.81
3.75
3.7
3.26
2.81
2.37
3.07
3.77
4.47
4.63
4.78
4.94
4.61
4.29
3.96
3.62
3.28
2.94
2.56
2.18
1.81
1.57
1.34
1.1
1.48
1.85
2.22
1.92
1.61
1.31
1.46
1.61
1.77
2.31
2.86
3.41
3.31
3.2
3.1
2.86
2.62
2.37
1.91
1.45
0.99
1.1
1.2
1.31
1.54
1.78
2.01
1.85
1.69
1.53
1.76
1.99
2.22
2.49
2.76
3.03
2.84
2.65
2.46
2.32
2.19
2.06
1.88
1.7
1.52
1.71
1.89
2.08
2.1
2.11
2.12
1.85
1.58
1.31
1.41
1.5
1.6
1.87
2.13
2.4
2.12
1.85
1.57
1.48
1.38
1.28
1.27
1.26
1.24
1.35
1.45
1.56
1.46
1.36
1.26
1.29
1.33
1.37
1.09
0.82
0.55
1.03
1.52
2
1.83
1.65
1.48
1.22
0.97
0.72
0.76
0.81
0.86
0.97
1.08
1.19
1.53
1.87
2.21
2.46
2.71
2.97
3.51
4.06
4.61
5.43
6.24
7.06
6.54
6.02
5.5
5.31
5.13
4.94
5.05
5.16
5.27
5.29
5.31
5.34
5.04
4.75
4.46
4.29
4.12
3.96
4.55
5.14
5.72
5.88
6.04
6.19
5.91
5.62
5.34
4.86
4.39
3.92
3.83
3.75
3.67
3.6
3.53
3.46
3.41
3.36
3.31
3.1
2.89
2.68
3.03
3.37
3.72
4.08
4.44
4.8
4.63
4.45
4.28
3.89
3.5
3.12
2.91
2.7
2.5
2.48
2.47
2.46
2.4
2.35
2.3
2.1
1.89
1.68
2.2
2.72
3.24
3.68
4.11
4.55
4.41
4.28
4.14
4.21
4.29
4.36
4.19
4.03
3.86
3.56
3.26
2.95
3.07
3.18
3.3
3.27
3.24
3.21
3.87
4.53
5.19
5.22
5.25
5.28
5.08
4.87
4.66
4.8
4.93
5.06
4.93
4.8
4.66
4.45
4.23
4.01
3.99
3.97
3.94
3.75
3.56
3.37
3.74
4.11
4.48
4.81
5.14
5.46
5.25
5.04
4.83
4.95
5.07
5.19
4.82
4.46
4.1
3.78
3.47
3.16
3.09
3.02
2.95
2.85
2.75
2.65
3.06
3.48
3.89
4.17
4.45
4.73
4.52
4.31
4.1
3.99
3.89
3.78
3.49
3.21
2.92
2.72
2.52
2.32
2.47
2.63
2.79
2.76
2.73
2.7
3.13
3.55
3.97
4.5
5.03
5.56
5.42
5.27
5.13
5.02
4.91
4.8
4.75
4.7
4.65
4.58
4.51
4.44
4.4
4.36
4.32
4.12
3.92
3.72
4.15
4.57
4.99
4.92
4.86
4.79
4.78
4.78
4.77
4.76
4.74
4.73
4.5
4.26
4.03
3.77
3.5
3.24
3.1
2.96
2.81
2.57
2.32
2.07
2.28
2.49
2.7
2.59
2.47
2.36
2.32
2.29
2.25
2.44
2.63
2.81
2.45
2.08
1.71
1.44
1.17
0.9
1.27
1.64
2.01
2.02
2.02
2.03
2.57
3.1
3.64
4.1
4.56
5.02
4.73
4.43
4.14
4.05
3.95
3.86
3.89
3.91
3.93
4.94
5.94
6.95
6.49
6.02
5.56
5.25
4.93
4.62
5.46
6.29
7.13
7.36
7.58
7.81
7.45
7.09
6.73
6.11
5.49
4.87
4.85
4.82
4.8
4.74
4.69
4.63
4.64
4.64
4.65
4.34
4.04
3.74
4.12
4.5
4.88
4.84
4.79
4.74
4.6
4.45
4.3
3.86
3.41
2.97
2.82
2.68
2.54
2.46
2.37
2.29
2.22
2.14
2.07
1.84
1.61
1.38
1.62
1.86
2.1
2.21
2.33
2.44
2.74
3.05
3.35
3.33
3.31
3.28
3.14
2.99
2.84
2.83
2.81
2.8
2.72
2.64
2.57
2.37
2.17
1.97
2.45
2.92
3.39
3.68
3.97
4.26
4.16
4.05
3.94
3.96
3.97
3.99
3.81
3.63
3.45
3.4
3.36
3.31
3.33
3.35
3.37
3.25
3.14
3.02
3.49
3.96
4.43
4.8
5.17
5.54
5.5
5.45
5.41
5.19
4.97
4.74
4.58
4.42
4.26
4.25
4.23
4.22
4.29
4.37
4.44
4.23
4.01
3.79
4.47
5.14
5.82
5.98
6.13
6.29
6.31
6.33
6.34
5.82
5.29
4.76
4.84
4.91
4.99
4.92
4.86
4.79
4.32
3.85
3.38
3.16
2.94
2.72
3.88
5.03
6.19
6.6
7.01
7.42
7.06
6.69
6.33
5.69
5.04
4.4
4.55
4.7
4.86
4.91
4.97
5.03
4.61
4.19
3.77
3.6
3.44
3.28
4.25
5.21
6.18
6.58
6.98
7.38
7.18
6.98
6.79
5.94
5.1
4.26
4.08
3.89
3.71
3.52
3.33
3.14
2.83
2.51
2.19
2.06
1.93
1.79
2.7
3.6
4.51
5.37
6.22
7.08
7.01
6.94
6.87
6.19
5.51
4.83
4.51
4.2
3.89
3.66
3.44
3.21
3.33
3.44
3.56
3.59
3.61
3.64
4.5
5.36
6.22
6.84
7.45
8.07
7.43
6.79
6.15
5.67
5.19
4.7
4.65
4.59
4.54
4.21
3.89
3.56
3.47
3.37
3.28
3.57
3.85
4.14
4.49
4.84
5.19
5.26
5.33
5.41
5.48
5.54
5.61
5.49
5.36
5.23
5.14
5.05
4.97
4.81
4.65
4.5
4.24
3.98
3.72
3.79
3.86
3.93
4.6
5.26
5.93
5.98
6.03
6.08
5.92
5.76
5.6
5.43
5.26
5.09
4.91
4.72
4.54
4.37
4.2
4.03
3.96
3.89
3.82
3.51
3.2
2.9
3.24
3.58
3.92
4.21
4.5
4.79
4.89
5
5.1
4.88
4.65
4.43
4.42
4.42
4.41
4.32
4.22
4.12
3.89
3.65
3.41
3.32
3.23
3.14
3.85
4.56
5.27
5.5
5.73
5.96
5.64
5.32
5.01
4.85
4.69
4.54
4.55
4.56
4.57
4.45
4.33
4.21
3.98
3.76
3.53
3.19
2.85
2.51
3.17
3.83
4.5
4.79
5.09
5.38
5.5
5.62
5.74
5.52
5.31
5.09
4.99
4.9
4.8
4.75
4.7
4.65
4.74
4.83
4.92
4.8
4.69
4.57
5.45
6.33
7.21
7.42
7.62
7.82
7.66
7.51
7.35
6.7
6.06
5.41
5.37
5.32
5.28
5.16
5.04
4.92
4.93
4.93
4.94
4.87
4.81
4.74
4.98
5.21
5.45
4.97
4.49
4.01
3.74
3.47
3.2
3.13
3.05
2.98
2.72
2.46
2.21
2.03
1.85
1.67
1.74
1.81
1.88
1.76
1.65
1.53
1.69
1.84
2
2.28
2.56
2.84
2.58
2.33
2.07
1.7
1.33
0.97
1.57
2.17
2.77
2.72
2.67
2.62
2.55
2.48
2.41
2.51
2.6
2.69
3.55
4.42
5.28
5.83
6.37
6.91
6.55
6.19
5.83
5.57
5.31
5.05
4.99
4.93
4.87
4.93
5
5.06
5.21
5.37
5.52
5.37
5.23
5.09
5.93
6.76
7.6
7.81
8.02
8.23
8.3
8.37
8.44
7.65
6.85
6.06
6
5.94
5.88
5.96
6.05
6.14
5.99
5.83
5.68
5.43
5.19
4.94
5.76
6.58
7.41
7.27
7.13
6.99
6.81
6.63
6.46
5.66
4.86
4.07
3.93
3.79
3.66
3.53
3.4
3.27
3.1
2.93
2.76
2.56
2.35
2.15
3.06
3.97
4.88
4.86
4.85
4.83
4.76
4.69
4.62
4.27
3.91
3.56
3.33
3.11
2.88
2.74
2.61
2.47
2.62
2.76
2.91
2.77
2.63
2.48
3.15
3.83
4.5
4.66
4.83
4.99
5.17
5.34
5.52
5.34
5.16
4.98
4.99
5.01
5.02
4.98
4.95
4.91
4.78
4.64
4.51
4.4
4.29
4.18
5.14
6.09
7.05
6.97
6.88
6.8
6.62
6.43
6.25
5.4
4.55
3.7
3.4
3.1
2.8
2.68
2.56
2.44
2.38
2.32
2.26
1.85
1.44
1.03
1.46
1.88
2.3
2.64
2.98
3.32
3.64
3.95
4.26
4.04
3.82
3.6
3.31
3.03
2.74
2.44
2.13
1.82
1.87
1.92
1.97
1.74
1.5
1.27
1.79
2.31
2.83
3.17
3.52
3.86
4.01
4.16
4.3
4.11
3.93
3.74
3.52
3.3
3.08
2.95
2.82
2.69
2.48
2.27
2.06
1.93
1.81
1.68
2.02
2.36
2.7
3.1
3.5
3.9
3.85
3.8
3.75
3.72
3.69
3.66
3.45
3.24
3.03
2.78
2.53
2.28
2.11
1.95
1.79
1.54
1.29
1.03
1.41
1.78
2.15
2.6
3.04
3.49
3.61
3.73
3.85
3.92
3.99
4.06
3.88
3.7
3.52
3.26
2.99
2.73
2.51
2.28
2.06
1.99
1.92
1.85
2.25
2.65
3.05
3.29
3.54
3.78
3.39
3.01
2.62
2.68
2.73
2.79
2.72
2.65
2.58
2.51
2.43
2.36
2.39
2.41
2.44
2.28
2.11
1.94
2.06
2.17
2.28
2.78
3.28
3.78
3.71
3.64
3.57
3.66
3.74
3.82
3.57
3.31
3.06
2.93
2.8
2.68
2.6
2.52
2.44
2.26
2.07
1.89
2.23
2.56
2.9
3.29
3.69
4.08
3.65
3.22
2.79
2.93
3.07
3.21
3.18
3.14
3.1
3.18
3.26
3.34
3.04
2.75
2.46
2.44
2.43
2.41
2.99
3.57
4.15
4.47
4.8
5.12
3.91
2.71
1.5
1.48
1.45
1.42
1.6
1.78
1.96
2.1
2.23
2.37
2.26
2.14
2.03
1.97
1.91
1.85
1.9
1.96
2.01
2.96
3.91
4.86
5.26
5.66
6.06
5.9
5.75
5.6
5.5
5.4
5.3
5.39
5.49
5.59
5.41
5.23
5.05
4.85
4.65
4.46
4.76
5.07
5.38
5.43
5.47
5.52
5.6
5.67
5.75
5.31
4.87
4.43
4.21
4
3.78
3.89
3.99
4.1
4.33
4.56
4.79
4.78
4.77
4.76
5.91
7.07
8.22
8.57
8.92
9.27
9.28
9.29
9.3
8.45
7.6
6.76
6.7
6.65
6.59
6.51
6.43
6.34
6.34
6.33
6.32
6.46
6.59
6.73
7.6
8.47
9.34
9.45
9.56
9.67
9.25
8.83
8.41
7.42
6.42
5.42
5.37
5.32
5.27
5.05
4.84
4.62
4.34
4.05
3.77
3.62
3.48
3.34
3.46
3.59
3.71
3.7
3.68
3.67
3.73
3.79
3.85
3.51
3.17
2.83
2.43
2.04
1.64
1.25
0.85
0.46
0.69
0.91
1.14
1.07
0.99
0.91
0.86
0.82
0.77
0.8
0.84
0.87
1
1.13
1.26
1.54
1.83
2.12
1.94
1.75
1.56
1.44
1.32
1.2
1.05
0.91
0.76
0.92
1.08
1.24
1.11
0.97
0.84
0.98
1.13
1.27
1.54
1.81
2.08
2.18
2.29
2.39
2.12
1.86
1.6
1.6
1.6
1.6
1.32
1.05
0.77
0.89
1
1.12
1.41
